         1         1               0
         2         1            5000
         2         2               4
         3         1              72
         3         2              27
         4         1             110
         4         2              22
         5         1             105
         5         2               9
         6         1             110
         6         2              22
         7         1              97
         7         2              27
         8         1             110
         8         2              22
         9         1             108
         9         2               5
        10         1             104
        10         2              26
        11         1             103
        11         2              26
        12         1             103
        12         2              26
        13         1             110
        13         2              22
        14         1             104
        14         2              26
        15         1             110
        15         2              22
        16         1             110
        16         2              22
        17         1             110
        17         2              22
        18         1             103
        18         2              26
        19         1             110
        19         2              22
        20         1             101
        20         2              27
        21         1             110
        21         2              24
        22         1             102
        22         2              28
        23         1             103
        23         2              26
        24         1             111
        24         2              14
        25         1             107
        25         2              24
        26         1             129
        26         2              19
        27         1             104
        27         2              15
        28         1              67
        28         2              38
        29         1              69
        29         2              22
        30         1              57
        30         2              55
        30         3              10
        31         1              52
        31         2              55
        31         3              48
        32         1             100
        32         2              32
        33         1             110
        33         2              22
        34         1             110
        34         2              28
        35         1              70
        35         2              60
        35         3               9
        36         1             114
        36         2               3
        37         1             110
        37         2              11
        38         1             114
        38         2              12
        39         1             114
        39         2              12
        40         1             114
        40         2              12
        41         1              72
        41         2              34
        41         3               9
        42         1             111
        42         2              15
        42         3              15
        43         1             106
        43         2              28
        43         3              15
        44         1             106
        44         2              18
        44         3              20
        45         1             106
        45         2              18
        45         3              20
        46         1             102
        46         2              24
        46         3              27
        47         1             106
        47         2              16
        47         3              22
        48         1             106
        48         2              13
        48         3              16
        49         1             106
        49         2              16
        49         3              17
        50         1             109
        50         2              13
        50         3              16
        51         1             205
        51         2              60
        51         3              39
        51         4              51
        51         5              18
        51         6              25
        51         7              15
        51         8              33
        51         9              21
        51        10              33
        51        11              22
        51        12              24
        51        13              20
        51        14              20
        51        15              31
        51        16              20
        51        17              16
        51        18              22
        51        19              30
        51        20              21
        51        21              22
        51        22              26
        51        23              27
        51        24              21
        51        25              21
        51        26              18
        51        27              16
        51        28              20
        51        29              21
        51        30              23
        51        31              18
        51        32              16
        51        33              19
        51        34               1
        52         1             225
        52         2              60
        52         3              50
        52         4              30
        52         5              14
        52         6              23
        52         7              28
        52         8              12
        52         9              18
        52        10              16
        52        11              24
        52        12              15
        52        13              26
        52        14              15
        52        15              36
        52        16              27
        52        17              44
        52        18              22
        52        19              22
        52        20              32
        52        21              17
        52        22              24
        52        23              16
        52        24              12
        52        25              20
        52        26              18
        52        27              21
        52        28              22
        52        29              29
        52        30              18
        52        31               8
        53         1             198
        53         2              99
        53         3              29
        53         4              19
        53         5              14
        53         6              15
        53         7              10
        53         8              44
        53         9              32
        53        10              26
        53        11              36
        53        12              16
        53        13              26
        53        14              26
        53        15              18
        53        16              32
        53        17               3
        53        18              22
        53        19              34
        53        20              16
        53        21              28
        53        22              27
        53        23               2
        54         1             205
        54         2              60
        54         3              39
        54         4              11
        54         5              45
        54         6              14
        54         7              33
        54         8              24
        54         9              21
        54        10              30
        54        11              15
        54        12              20
        54        13              20
        54        14              18
        54        15              27
        54        16              13
        54        17              26
        54        18              16
        54        19              30
        54        20              26
        54        21              22
        54        22              24
        54        23              20
        54        24              20
        54        25              22
        54        26              23
        54        27              14
        54        28              16
        54        29              19
        54        30              17
        54        31              14
        54        32              16
        54        33              20
        54        34              19
        54        35              18
        54        36              20
        54        37              16
        54        38              18
        54        39              17
        54        40              17
        54        41              14
        54        42              14
        54        43               1
        55         1             214
        55         2             105
        55         3              24
        55         4              30
        55         5              15
        55         6              18
        55         7              16
        55         8              27
        55         9              16
        55        10              28
        55        11              31
        55        12              20
        55        13              18
        55        14              20
        55        15              30
        55        16              27
        55        17              26
        55        18              21
        55        19              24
        55        20              18
        55        21              22
        55        22              16
        55        23              20
        55        24              18
        55        25              18
        55        26              14
        55        27              16
        55        28              16
        55        29              17
        55        30              16
        55        31               5
        55        32               9
        55        33               5
        56         1             201
        56         2             102
        56         3              24
        56         4              14
        56         5              31
        56         6              32
        56         7              12
        56         8              24
        56         9              20
        56        10              33
        56        11              35
        56        12              13
        56        13              22
        56        14              11
        56        15              26
        56        16              40
        56        17              31
        56        18              16
        56        19              22
        56        20              22
        56        21              24
        56        22              33
        56        23               1
        57         1             201
        57         2              60
        57         3              39
        57         4              51
        57         5              18
        57         6              11
        57         7              14
        57         8              29
        57         9              35
        57        10              14
        57        11              35
        57        12              15
        57        13              34
        57        14              13
        57        15              22
        57        16              20
        57        17              36
        57        18              22
        57        19              16
        57        20              18
        57        21              16
        57        22              20
        57        23              20
        57        24              12
        57        25              16
        57        26              16
        57        27              18
        57        28              14
        57        29              14
        57        30              16
        57        31              16
        57        32              16
        57        33              16
        57        34              18
        57        35              18
        57        36              18
        57        37              19
        57        38              19
        57        39              22
        57        40               1
        58         1              98
        58         2              22
        58         3             172
        58         4              60
        58         5              50
        58         6              32
        58         7              17
        58         8              12
        58         9              31
        58        10              16
        58        11              44
        58        12              16
        58        13              28
        58        14              20
        58        15              28
        58        16              24
        58        17              32
        58        18              21
        58        19              22
        58        20              20
        58        21              19
        58        22              16
        58        23              18
        58        24              20
        58        25              22
        58        26              20
        58        27              21
        58        28              17
        58        29              17
        58        30              17
        58        31              17
        58        32              14
        58        33               1
