*CONTROL_DATA                                                                  2
         1    0.0000000000e+00
*MAGNETIC_FLUX_DENSITY_MAX                                                180002
         5
         2    3.4309595773e-01    0.0000000000e+00
         1    3.4869735260e-01    0.0000000000e+00
         3    1.6157150586e-01    0.0000000000e+00
         4    5.7031837457e-02    0.0000000000e+00
         5    2.6861945778e-01    0.0000000000e+00
*MAGNETIC_FIELD_MAX                                                       180003
         5
         2    1.3721188287e+02    0.0000000000e+00
         1    1.4695634945e+02    0.0000000000e+00
         3    1.2857451910e+05    0.0000000000e+00
         4    4.5384494225e+04    0.0000000000e+00
         5    2.1376057258e+05    0.0000000000e+00
*FORCE&TORQUE_PER_GROUP                                                      601
         0         1    2.0000000000e+00
*JOULE_LOSS_PER_GROUP                                                        501
         5         1    2.0000000000e+00
         2    0.0000000000e+00    0.0000000000e+00
         1    0.0000000000e+00    0.0000000000e+00
         3    0.0000000000e+00    0.0000000000e+00
         4    2.0153846850e+00    0.0000000000e+00
         5    0.0000000000e+00    0.0000000000e+00
*HYSTERESIS_LOSS                                                             551
         0         0    0.0000000000e+00
*IRON_LOSS_PER_GROUP                                                         651
         5         1    2.0000000000e+00
         2    0.0000000000e+00
         1    0.0000000000e+00
         3    0.0000000000e+00
         4    0.0000000000e+00
         5    0.0000000000e+00
*LORENTZ_FORCE_PER_GROUP                                                     701
         5         1    2.0000000000e+00
         2    0.0000000000e+00    0.0000000000e+00    0.0000000000e+00
         1    0.0000000000e+00    0.0000000000e+00    0.0000000000e+00
         3    0.0000000000e+00    0.0000000000e+00    0.0000000000e+00
         4    0.0000000000e+00    0.0000000000e+00    0.0000000000e+00
         5    0.0000000000e+00    0.0000000000e+00    0.0000000000e+00
*STORED_ENERGY                                                               801
         6         1    2.0000000000e+00
         2    5.2940034206e-05
         1    5.8652440441e-05
         3    4.8329534627e-04
         4    3.7017512921e-04
         5    5.3473406314e-03
        -1    6.3124035816e-03
*FLUX_GROUP                                                                  901
         0         0    0.0000000000e+00
*TERMINAL_VOLTAGE                                                          18001
         0         1    1.0000000000e+00
*LINE_CURRENT                                                              18101
         0         1    1.0000000000e+00
*LINE_ONOFF                                                                20011
         0         0    0.0000000000e+00
*FLUX_of_Current_Control                                                   60001
         1         1    2.0000000000e+00
         1    6.3312529298e-04    0.0000000000e+00
*FLUX_of_FEM_Coil                                                          70001
         0         1    1.0000000000e+00
*FLUX_of_FEM_Conductor                                                     70101
         0         1    1.0000000000e+00
*FLUX_of_FEM_Conductor_Parent                                              70501
         0         1    1.0000000000e+00
*Resistance_of_FEM_Conductor_Parent                                        70601
         0         1    1.0000000000e+00
*Inductance_of_FEM_Conductor_Parent                                        70701
         0         1    1.0000000000e+00
*Inductance_of_FEM_Coil_Parent                                             70801
         0         1    1.0000000000e+00
*CURRENT_of_Current_Control                                                80001
         1         0    0.0000000000e+00
         1    2.0000000000e+01    0.0000000000e+00
*CURRENT_of_FEM_Coil                                                       90001
         0         1    1.0000000000e+00
*DISP_of_Motion                                                           110001
         0         0    0.0000000000e+00
*Brush_Contact_Angle2                                                      20010
         0         0    0.0000000000e+00
*End_of_Step                                                              999999
         1         0    0.0000000000e+00
         1
